0;2111888335;[127.1024272, 37.5145354];999136673;
1;2111889394;[127.1267078, 37.5031834];999136673;
2;75956846;[37.5144483, 127.1274461];3524847993;
3;259583908;[37.5122148, 127.0850418];2957013438;
4;259584746;[37.5120176, 127.0832763];2650141073;
5;308163455;[37.5087395, 127.1142394];1809578799;
6;313866035;[127.1230101, 37.4772633];999136673;
7;313866036;[127.1229874, 37.4777568];999136673;
8;313866037;[37.4775465, 127.122226];2911195485;
9;317706250;[127.1204652, 37.4776731];999136673;
10;452221387;[127.1409551, 37.4940893];999136673;
11;468991256;[127.0740358, 37.5067046];999136673;
12;468996072;[127.07406, 37.5073434];999136673;
13;468999876;[37.4816197, 127.1424857];9427864919;
14;469311305;[37.5203597, 127.1129279];4636654766;
15;470450251;[37.4795657, 127.1205019];1811986365;
16;471318228;[127.1202619, 37.4855526];999136673;
17;471318815;[37.4853934, 127.1191994];4654898365;
18;471413120;[37.4965918, 127.1131445];845976220;
19;471413121;[127.109553, 37.4955171];999136673;
20;471413122;[127.1079437, 37.4946084];999136673;
21;471413123;[127.1089549, 37.4953724];999136673;
22;471413124;[127.1081824, 37.4941339];999136673;
23;471413125;[127.1092016, 37.4948915];999136673;
24;471715972;[37.508965, 127.0773819];732439535;
25;471782515;[127.1111224, 37.5078365];999136673;
26;473038994;[127.109153, 37.5060465];999136673;
27;473913601;[37.5075637, 127.1113724];1809573831;
28;475248804;[37.4912689, 127.1355456];4690146928;
29;475309690;[37.5108091, 127.1076354];1809557472;
30;475310249;[127.1102746, 37.5102812];999136673;
31;478225252;[127.1307042, 37.4962358];999136673;
32;478225254;[37.4961677, 127.1307042];1812014383;
33;478225427;[37.496206, 127.1311119];1812014383;
34;478225576;[127.1312286, 37.4962071];999136673;
35;478225603;[127.1311253, 37.4963156];999136673;
36;478225670;[37.4964135, 127.131592];1812014415;
37;478225991;[37.4965273, 127.1317181];1812014415;
38;478226034;[127.1316296, 37.4967114];999136673;
39;481803982;[127.0768857, 37.5082437];999136673;
40;489224152;[127.1017407, 37.5151514];999136673;
41;503503961;[127.1037852, 37.5156461];999136673;
42;521481561;[127.0998365, 37.5150131];999136673;
43;521481563;[37.5153533, 127.0991603];8436639427;
44;521481565;[127.0990158, 37.5154479];999136673;
45;522430139;[37.5051053, 127.114798];436808687;
46;545695179;[127.1141995, 37.5295556];999136673;
47;557565710;[127.0803289, 37.5067172];999136673;
48;559594557;[127.1359542, 37.4980589];999136673;
49;596587270;[127.1020182, 37.5173265];999136673;
50;601897227;[127.1197218, 37.4876402];999136673;
51;601897228;[127.1209247, 37.4877076];999136673;
52;603176376;[127.1203289, 37.4869248];999136673;
53;603176377;[37.4867932, 127.1198193];4654898365;
54;603176378;[37.4871794, 127.1212057];436538538;
55;617283961;[37.5212276, 127.1044077];1830064444;
56;677796275;[37.5170143, 127.1120617];8436639424;
57;677796277;[127.114372, 37.5159904];999136673;
58;677796286;[127.1141831, 37.516617];999136673;
59;677796287;[37.5157077, 127.1131946];1809564334;
60;677796292;[37.5164079, 127.1137818];1809564321;
61;677796299;[37.5162128, 127.1139451];1809564277;
62;677796307;[37.5167401, 127.1111921];8436639424;
63;677796312;[127.1142735, 37.5150398];999136673;
64;677796317;[37.5153247, 127.114112];1809564307;
65;677796323;[127.1138111, 37.5150964];999136673;
66;677796328;[127.1126285, 37.5169818];999136673;
67;677796333;[127.1137027, 37.5167793];999136673;
68;677796334;[37.5158242, 127.1144406];1809564330;
69;677796342;[37.5169494, 127.1124811];1809564285;
70;677796354;[127.1144051, 37.5152637];999136673;
71;677796361;[127.1147731, 37.5152991];999136673;
72;677798108;[127.1125399, 37.5167801];999136673;
73;677798110;[127.1114961, 37.5160108];999136673;
74;677798117;[37.5157354, 127.1128987];1809564334;
75;677798118;[37.5157082, 127.1115772];1809560158;
76;677798121;[127.1119861, 37.5166216];999136673;
77;677798122;[37.5167494, 127.1125332];1809564285;
78;677798123;[127.1116562, 37.515685];999136673;
79;677798133;[37.5157501, 127.1129123];1809564334;
80;677798137;[37.5161007, 127.1115238];1809560158;
81;677798141;[127.1124283, 37.5166118];999136673;
82;677799946;[37.5151096, 127.1120562];1809564286;
83;677799953;[127.1112501, 37.5147703];999136673;
84;677799959;[127.112098, 37.5151608];999136673;
85;677802609;[127.1137666, 37.513453];999136673;
86;677802611;[37.5125341, 127.1121279];1809564279;
87;677802628;[127.1135953, 37.5132483];999136673;
88;677802646;[127.111527, 37.5126688];999136673;
89;677802647;[127.1126478, 37.5130742];999136673;
90;677802651;[127.1122669, 37.5124689];999136673;
91;677802659;[37.5126283, 127.1132017];1809560163;
92;677802675;[37.5120593, 127.113173];4187713491;
93;677802710;[127.1131686, 37.5122915];999136673;
94;677802711;[37.512968, 127.1125691];1809564312;
95;677804226;[37.5127832, 127.1110446];1809564328;
96;677804239;[37.5130329, 127.1106224];1809564283;
97;677804244;[127.1110585, 37.5140018];999136673;
98;677819466;[37.5153226, 127.1111719];1809564333;
99;677819467;[37.5155164, 127.1122729];4187713500;
100;678034613;[127.1107965, 37.5152407];999136673;
101;678034620;[37.5150372, 127.111032];1809564287;
102;678034623;[37.5149935, 127.1108855];1809564287;
103;678038047;[127.1152374, 37.5143613];999136673;
104;678038048;[37.5144289, 127.115197];1809578792;
105;678038050;[37.5152768, 127.1156248];1809560160;
106;678038058;[127.1141766, 37.5127083];999136673;
107;678038060;[127.11474, 37.5137899];999136673;
108;678038061;[37.5127081, 127.1139949];4187713506;
109;678038062;[127.1148055, 37.5140106];999136673;
110;678038063;[37.5120481, 127.1136829];1809578805;
111;678038065;[127.1138457, 37.5123007];999136673;
112;678038067;[127.113603, 37.5118368];999136673;
113;678038070;[127.114389, 37.5133991];999136673;
114;678038072;[127.1152774, 37.5148323];999136673;
115;678038078;[37.5121983, 127.1138195];1809578805;
116;678038083;[127.1157986, 37.515665];999136673;
117;678038088;[127.1159123, 37.5158532];999136673;
118;678038094;[37.5147166, 127.1156306];1809578792;
119;678038102;[127.114396, 37.513412];999136673;
120;678038110;[127.1142724, 37.513204];999136673;
121;678038112;[127.11486, 37.514161];999136673;
122;678038119;[127.1145664, 37.5133433];999136673;
123;678038120;[127.1147151, 37.5138751];999136673;
124;678038122;[127.1154977, 37.5148866];999136673;
125;678038392;[127.1175583, 37.5152182];999136673;
126;678038394;[127.1182538, 37.5151702];999136673;
127;678038395;[127.1167548, 37.5157029];999136673;
128;678038396;[127.117121, 37.5155695];999136673;
129;678041065;[127.1168182, 37.5138698];999136673;
130;678041075;[127.1167134, 37.514089];999136673;
131;678041093;[37.5142905, 127.1160849];1809578813;
132;678041106;[127.1158584, 37.514256];999136673;
133;678055407;[127.1140778, 37.5116468];999136673;
134;678055424;[37.5115027, 127.1149383];1809578788;
135;678055465;[37.5112162, 127.1151525];1809578796;
136;678055467;[127.1155222, 37.5112151];999136673;
137;689572150;[127.1113946, 37.5001161];999136673;
138;689572151;[127.1111695, 37.4994744];999136673;
139;689645716;[127.1124545, 37.4988805];999136673;
140;690991704;[127.1450399, 37.4886268];999136673;
141;690991705;[127.1463944, 37.4887481];999136673;
142;690991708;[37.4911121, 127.1457735];2153862645;
143;690991709;[127.1441653, 37.491922];999136673;
144;693925525;[37.4898872, 127.144855];2153862609;
145;693925527;[37.4902635, 127.143986];2153862610;
146;693925528;[37.489913, 127.143435];2153862610;
147;694694533;[127.1249278, 37.4777305];999136673;
148;694694534;[37.4780382, 127.1255253];845893640;
149;694694535;[37.477034, 127.1265389];5557747281;
150;694694536;[37.4776941, 127.1244064];2911195486;
151;695917227;[127.1422075, 37.4818898];999136673;
152;701595067;[127.1428376, 37.4810913];999136673;
153;703382319;[127.1429795, 37.4800061];999136673;
154;705714133;[127.125338, 37.4769618];999136673;
155;705714134;[37.4778205, 127.1243505];2911195486;
156;705714135;[37.4782371, 127.1251847];845893640;
157;705714136;[37.4774013, 127.1258108];5557747281;
158;705714137;[37.4774122, 127.1259668];5557747281;
159;705714138;[127.1242923, 37.4776829];999136673;
160;722695149;[127.104384, 37.5087109];999136673;
161;726104715;[127.0791542, 37.5097099];999136673;
162;726104717;[127.0801016, 37.5091539];999136673;
163;729345801;[37.4863765, 127.1209489];8428111292;
164;729345802;[127.1209208, 37.4853069];999136673;
165;732490843;[127.0983624, 37.5023531];999136673;
166;732490844;[127.0987353, 37.5022765];999136673;
167;732490846;[37.5032085, 127.0989847];1805727494;
168;733295646;[37.5054672, 127.0975243];1805727472;
169;733295647;[127.0975926, 37.505747];999136673;
170;793534121;[127.0840762, 37.5108288];999136673;
171;793534122;[127.0845846, 37.5109046];999136673;
172;793534124;[37.5108673, 127.0830128];732439323;
173;793534125;[37.5111014, 127.0832503];4186249060;
174;793534130;[37.5108003, 127.0853551];732439199;
175;793534131;[127.0853591, 37.5108684];999136673;
176;793596777;[127.0849326, 37.5106131];999136673;
177;793596778;[127.0849259, 37.5107099];999136673;
178;793596779;[127.0850869, 37.5104631];999136673;
179;793596780;[127.0849997, 37.5103354];999136673;
180;793596781;[127.0850452, 37.510273];999136673;
181;793596782;[37.5102023, 127.0846919];732436581;
182;793596783;[127.084711, 37.5102289];999136673;
183;793596784;[127.0847013, 37.5102668];999136673;
184;793596785;[127.0846443, 37.5104131];999136673;
185;793596786;[37.5107156, 127.0847402];732437458;
186;793596787;[37.510721, 127.0845927];732437458;
187;793596788;[127.0843573, 37.5107327];999136673;
188;793596789;[127.0844565, 37.510378];999136673;
189;793596790;[37.5101987, 127.0844981];732436581;
190;793596791;[37.5101339, 127.0843546];732437336;
191;793596792;[127.084254, 37.5105844];999136673;
192;793596793;[127.0825604, 37.5107213];999136673;
193;793596794;[127.083472, 37.5099919];999136673;
194;793596795;[127.0833244, 37.5099706];999136673;
195;793596796;[37.5100939, 127.0834368];732437891;
196;793596797;[37.5099216, 127.0837207];732437258;
197;793596798;[37.5099669, 127.0836988];732437891;
198;793596799;[127.0838115, 37.5101599];999136673;
199;793596800;[127.0835071, 37.5101206];999136673;
200;793596801;[37.5102682, 127.0837712];732437258;
201;793596802;[127.083495, 37.5101578];999136673;
202;793596803;[127.0837277, 37.5104569];999136673;
203;793596804;[37.5105216, 127.0833358];732437869;
204;793596805;[127.0837873, 37.5105301];999136673;
205;793596806;[127.0841309, 37.5102786];999136673;
206;793596807;[37.5100939, 127.0841683];732437336;
207;793596808;[127.0840306, 37.5100848];999136673;
208;793596809;[127.0839852, 37.510252];999136673;
209;793596817;[127.0840723, 37.5114205];999136673;
210;793596818;[127.0840503, 37.5114211];999136673;
211;793596819;[37.5114383, 127.0835841];4700510821;
212;793596820;[37.5114307, 127.0837347];732437248;
213;793596822;[127.0833682, 37.5114408];999136673;
214;793596823;[37.5113088, 127.0843394];732436567;
215;793596826;[127.0853837, 37.5107085];999136673;
216;793596827;[127.0857239, 37.5104609];999136673;
217;793596828;[37.5104801, 127.0853845];732439079;
218;793596829;[127.0852236, 37.5102748];999136673;
219;793596830;[127.0854583, 37.5103929];999136673;
220;793596831;[127.0858124, 37.510129];999136673;
221;793596832;[127.0858234, 37.5101102];999136673;
222;793596833;[37.5099619, 127.0859022];732439079;
223;793596835;[127.0852464, 37.5101216];999136673;
224;793596836;[37.5094102, 127.085774];732437203;
225;793603155;[37.503842, 127.0819648];4186486200;
226;793772362;[37.5091397, 127.0861571];732437092;
227;793772365;[37.5088461, 127.0864883];732437092;
228;793772366;[127.0865867, 37.5088959];999136673;
229;793772367;[127.0865339, 37.5087765];999136673;
230;793772368;[127.0866352, 37.5085114];999136673;
231;793772369;[127.0878006, 37.5080536];999136673;
232;793772370;[127.0875826, 37.5080343];999136673;
233;793772371;[127.087268, 37.5082802];999136673;
234;793772373;[127.0868354, 37.5086435];999136673;
235;793787326;[37.5105596, 127.079713];732438927;
236;793787331;[127.0795305, 37.5111582];999136673;
237;793787333;[37.5113258, 127.0795289];732438933;
238;793787335;[37.5116155, 127.0794762];732439448;
239;793787336;[127.0788458, 37.5114911];999136673;
240;793787337;[127.0793617, 37.5109812];999136673;
241;793787338;[127.0790532, 37.5109109];999136673;
242;793787339;[37.5108551, 127.079072];732439239;
243;793787340;[127.0789781, 37.5103407];999136673;
244;793787347;[127.0832792, 37.5091513];999136673;
245;793787348;[127.0829143, 37.5092322];999136673;
246;793787350;[127.0828905, 37.509349];999136673;
247;793787351;[127.0829808, 37.5095825];999136673;
248;793787354;[37.510361, 127.0829733];732439323;
249;793787355;[37.5101674, 127.0830189];732439074;
250;793787356;[37.5099976, 127.0830537];732439074;
251;793787357;[127.0829506, 37.509866];999136673;
252;793787358;[127.0829478, 37.5097854];999136673;
253;793787359;[127.0827359, 37.509978];999136673;
254;793787360;[127.0828874, 37.5100344];999136673;
255;793787361;[37.5102353, 127.0828566];732439074;
256;793787362;[37.5103344, 127.0828007];732439323;
257;793787364;[127.0842916, 37.5103971];999136673;
258;794559253;[37.5042053, 127.0805137];765071184;
259;794559258;[127.0824172, 37.5114599];999136673;
260;794559259;[127.08015, 37.5112859];999136673;
261;794559260;[127.0806361, 37.511539];999136673;
262;794559261;[127.0806733, 37.511346];999136673;
263;794559262;[127.0813291, 37.5114928];999136673;
264;794559263;[37.5114918, 127.08149];732438598;
265;794559264;[127.0817609, 37.511479];999136673;
266;794559265;[127.0820849, 37.511472];999136673;
267;794559269;[37.5113358, 127.0826291];4186249060;
268;794559270;[37.5113007, 127.0828481];4186249060;
269;794571785;[127.0797761, 37.5073954];999136673;
270;794571786;[37.5075333, 127.0798232];732438458;
271;794571787;[127.0798197, 37.5071062];999136673;
272;794571788;[127.079648, 37.5073944];999136673;
273;794571789;[127.0798471, 37.5075758];999136673;
274;794571790;[127.0796551, 37.5081917];999136673;
275;794571791;[127.0797225, 37.508228];999136673;
276;794571792;[37.5087576, 127.0795791];732438797;
277;794571793;[127.0795764, 37.5090385];999136673;
278;794571794;[37.5088867, 127.0794582];732438797;
279;794929550;[127.0881393, 37.5050088];999136673;
280;794929554;[127.0869734, 37.5048165];999136673;
281;794929555;[127.0867736, 37.5048759];999136673;
282;794929556;[127.0867973, 37.5049908];999136673;
283;794929557;[37.5054096, 127.0854028];765071273;
284;794929558;[37.505402, 127.0849926];765071273;
285;794929559;[127.0858372, 37.5052385];999136673;
286;794929560;[127.0854307, 37.5053528];999136673;
287;794929561;[127.0858714, 37.5052447];999136673;
288;794929562;[127.0860166, 37.5050945];999136673;
289;794929563;[37.5050332, 127.0862624];4186302819;
290;794929564;[127.0849561, 37.5054044];999136673;
291;794929565;[127.0848086, 37.50553];999136673;
292;794929567;[127.0822935, 37.5061451];999136673;
293;794929568;[37.5062641, 127.0818814];732438080;
294;794929569;[127.0816348, 37.5064214];999136673;
295;794929584;[127.0816282, 37.5064471];999136673;
296;794929591;[127.0803829, 37.5067849];999136673;
297;794929595;[37.5068486, 127.0801951];732440855;
298;794929597;[127.0801127, 37.5069354];999136673;
299;794929598;[37.5068374, 127.0799626];732440855;
300;794929599;[127.0798458, 37.5070827];999136673;
301;794929600;[127.0797211, 37.5070769];999136673;
302;795275581;[127.0887628, 37.5056981];999136673;
303;795275582;[37.5059941, 127.0890994];732436304;
304;795275589;[127.0886306, 37.5055274];999136673;
305;795275591;[127.0885037, 37.5051478];999136673;
306;795275592;[127.088799, 37.5057576];999136673;
307;795275594;[127.0893569, 37.5063204];999136673;
308;795275595;[37.5062388, 127.089082];732436304;
309;795275597;[127.0893073, 37.5061127];999136673;
310;795275599;[37.5065258, 127.0895208];732436220;
311;795275600;[37.5066467, 127.08966];765257789;
312;795275602;[127.0896627, 37.5067428];999136673;
313;795275628;[127.0886026, 37.5077445];999136673;
314;795275629;[37.507804, 127.0881232];732436851;
315;795275630;[127.0880413, 37.5078008];999136673;
316;795275632;[127.0873674, 37.5078496];999136673;
317;795275633;[37.5077992, 127.0875861];732436851;
318;795275634;[127.0869825, 37.5079477];999136673;
319;795275635;[127.0873895, 37.5079848];999136673;
320;795571451;[127.0803934, 37.5108689];999136673;
321;795571453;[127.0804882, 37.5111747];999136673;
322;795571457;[127.0807721, 37.511084];999136673;
323;795571461;[127.0814511, 37.5110322];999136673;
324;795571469;[37.5109386, 127.0822863];732437969;
325;795571471;[127.0825186, 37.5109546];999136673;
326;795571472;[37.5108564, 127.0825388];732437969;
327;795571473;[127.0827383, 37.5109732];999136673;
328;795963618;[127.0840207, 37.5091955];999136673;
329;795963643;[127.0843546, 37.5096248];999136673;
330;797055013;[127.08063, 37.5104803];999136673;
331;797055034;[127.0814969, 37.5100485];999136673;
332;797055035;[127.0816898, 37.5100333];999136673;
333;797055036;[127.081553, 37.5098297];999136673;
334;797055037;[127.0816094, 37.5095849];999136673;
335;797055038;[37.5095588, 127.0813783];732438328;
336;797055039;[127.0813398, 37.5098375];999136673;
337;797055040;[37.509987, 127.0815088];732438328;
338;797055041;[127.0814926, 37.5100083];999136673;
339;797055042;[37.5101866, 127.0814625];732438314;
340;797055043;[37.5104123, 127.081433];732438577;
341;797055044;[37.510454, 127.0812095];732438314;
342;797055045;[127.0813794, 37.5105737];999136673;
343;797055046;[127.0816586, 37.5105706];999136673;
344;797055047;[37.5102182, 127.081714];732438577;
345;797055048;[127.0819285, 37.5101141];999136673;
346;797055049;[127.0817891, 37.5099907];999136673;
347;797055050;[127.0817985, 37.5099439];999136673;
348;797055051;[37.509795, 127.0819789];732438555;
349;797055052;[127.0818844, 37.509623];999136673;
350;797055053;[127.0822317, 37.509679];999136673;
351;797055054;[37.5099691, 127.0821713];732438712;
352;797055055;[127.0819692, 37.5100743];999136673;
353;797055056;[127.0819406, 37.5102109];999136673;
354;797055057;[127.0820822, 37.5102725];999136673;
355;797055058;[37.5104439, 127.0820326];732438719;
356;797055059;[127.0820452, 37.5105461];999136673;
357;797055060;[127.0826426, 37.5099388];999136673;
358;797055061;[127.0821954, 37.5102769];999136673;
359;797055062;[127.0822249, 37.5101599];999136673;
360;797055063;[127.0822611, 37.5099982];999136673;
361;797055064;[127.0825079, 37.5097301];999136673;
362;797055065;[127.0825079, 37.5098035];999136673;
363;797055066;[127.0824543, 37.5100152];999136673;
364;797055067;[37.5101588, 127.0825939];732437961;
365;797055068;[127.0825897, 37.5102312];999136673;
366;797055069;[127.0821632, 37.5103992];999136673;
367;797055070;[37.5104269, 127.0825295];732437969;
368;797055071;[127.08233, 37.5105689];999136673;
369;797055072;[37.5105535, 127.0823081];732438719;
370;797055073;[37.5106961, 127.0822869];732438719;
371;797055074;[127.0824884, 37.5106592];999136673;
372;797892657;[37.5093677, 127.0808604];732439066;
373;797892665;[127.0802411, 37.5085726];999136673;
374;797892666;[37.5086806, 127.0803801];732438920;
375;797892671;[37.5083067, 127.0802025];732438920;
376;797892673;[127.0799075, 37.5086056];999136673;
377;797892674;[127.0798858, 37.5088494];999136673;
378;797892675;[37.5089652, 127.0800499];732438924;
379;797892676;[127.0798512, 37.5090046];999136673;
380;797892677;[37.5087705, 127.079646];732438797;
381;797892687;[37.5094927, 127.0802289];732438273;
382;798084984;[127.0827577, 37.5094565];999136673;
383;798085024;[127.080884, 37.5085944];999136673;
384;798085028;[37.508937, 127.0807812];732438273;
385;798494199;[37.5071116, 127.0814317];732438218;
386;798494200;[127.0812023, 37.5068316];999136673;
387;798494214;[127.0802093, 37.5074306];999136673;
388;798494216;[127.079971, 37.5076192];999136673;
389;798494217;[127.0801118, 37.507806];999136673;
390;798494220;[37.507501, 127.081264];732437560;
391;799003842;[127.0855321, 37.5071529];999136673;
392;799003843;[127.0854939, 37.5070385];999136673;
393;799003844;[127.0855643, 37.5067769];999136673;
394;799003845;[37.5069506, 127.0853933];732436654;
395;799003846;[37.507012, 127.0853508];732436654;
396;799003847;[127.0852853, 37.5071008];999136673;
397;799003848;[127.085477, 37.5070627];999136673;
398;799003849;[37.507275, 127.0854967];732436315;
399;799003850;[37.5072818, 127.085738];732436315;
400;799003851;[127.0857643, 37.5074073];999136673;
401;799003852;[37.5073684, 127.0855364];732436607;
402;799003853;[127.0856518, 37.5075446];999136673;
403;799003854;[127.0855254, 37.5075263];999136673;
404;799003855;[37.5073934, 127.0852524];732436607;
405;799003856;[127.0852485, 37.5074966];999136673;
406;799003857;[127.0857876, 37.5076668];999136673;
407;799003858;[127.0854827, 37.5077353];999136673;
408;799003859;[37.5077461, 127.0854858];732437404;
409;799003860;[37.507596, 127.0851908];732436607;
410;799003861;[37.5077615, 127.0854544];732437404;
411;799003862;[37.5078061, 127.0854234];732437404;
412;801040102;[127.082852, 37.5114591];999136673;
413;804370464;[127.0841078, 37.5105875];999136673;
414;804658506;[127.0828333, 37.5095537];999136673;
415;804674044;[37.5235995, 127.1144824];2918341060;
416;804674045;[37.5244246, 127.1138507];5273854569;
417;810060364;[127.1039856, 37.5198837];999136673;
418;840525497;[127.1432513, 37.4796851];999136673;
419;840525498;[127.1432188, 37.4784714];999136673;
420;856829769;[37.5337796, 127.11435];3853477707;
421;867086584;[127.1023212, 37.5179407];999136673;
422;867086585;[127.1010515, 37.5176209];999136673;
423;891432895;[37.4873249, 127.1483618];7532247506;
424;894528734;[37.4833814, 127.1377433];5853744650;
425;895110638;[127.1524266, 37.4885617];999136673;
426;907652450;[127.1156635, 37.4861386];999136673;
427;914977007;[37.4850411, 127.1217142];1812027071;
428;972154299;[37.5301519, 127.1145175];3853477694;
429;972652680;[127.1133152, 37.5303345];999136673;
430;972652681;[127.1133911, 37.5303753];999136673;
431;972652682;[127.1135352, 37.5302252];999136673;
432;972652683;[127.1136026, 37.530202];999136673;
433;972652684;[127.1137126, 37.530145];999136673;
434;972652685;[127.1139006, 37.5300443];999136673;
435;984878778;[127.1102651, 37.4926088];999136673;
436;984878800;[37.4933519, 127.1164924];1712148738;
437;990211062;[37.540101, 127.1185816];4192692408;
438;1023341529;[37.4845505, 127.1220812];436538535;
