0;368954897;[127.110777, 37.515206];999136673;
1;368955077;[127.0973096, 37.5038527];999136673;
2;368955088;[127.091317, 37.50037];999136673;
3;368956156;[127.105598, 37.507408];999136673;
4;368956168;[127.11064, 37.510501];999136673;
5;368956395;[127.121271, 37.496234];999136673;
6;368956466;[127.135184, 37.497139];999136673;
7;368956477;[127.086886, 37.505679];999136673;
8;368956593;[127.144846, 37.498858];999136673;
9;368956625;[127.11958, 37.512217];999136673;
10;850879075;[127.1011378, 37.5102466];999136673;
11;1677920706;[127.1217351, 37.4943498];999136673;
12;1712148744;[127.1185327, 37.4946561];999136673;
13;1805685077;[127.0975945, 37.5062902];999136673;
14;1809566134;[127.1075471, 37.5142378];999136673;
15;1839875601;[127.0943747, 37.5068654];999136673;
16;1839891677;[127.093865, 37.5058973];999136673;
17;2572511473;[127.1103995, 37.5059518];999136673;
18;3600689122;[127.0942675, 37.5115825];999136673;
19;3975214599;[127.0713168, 37.5112863];999136673;
20;3975214600;[127.0711269, 37.5113544];999136673;
21;3975214606;[127.0710766, 37.5127985];999136673;
22;3975214609;[127.0715528, 37.513099];999136673;
23;3975214613;[127.0728081, 37.5126735];999136673;
24;3975214614;[127.0729475, 37.5124182];999136673;
25;3975214615;[127.0729905, 37.5123586];999136673;
26;4422138443;[127.1234656, 37.4851697];999136673;
27;4582221990;[127.1275093, 37.5070583];999136673;
28;4632395861;[127.1263841, 37.5086177];999136673;
29;4636397264;[127.1032712, 37.5171039];999136673;
30;4636445866;[127.0992864, 37.5148558];999136673;
31;4636931185;[127.1159861, 37.5179873];999136673;
32;4636931186;[127.1159053, 37.5179635];999136673;
33;4641175503;[127.1434112, 37.4784528];999136673;
34;4646736292;[127.118777, 37.5109997];999136673;
35;4648678566;[127.1304233, 37.5086536];999136673;
36;4648678568;[127.1274727, 37.5098993];999136673;
37;4672133689;[127.1091389, 37.505996];999136673;
38;4674797524;[127.1215404, 37.5177796];999136673;
39;4678226200;[127.1330903, 37.5092276];999136673;
40;4678226201;[127.1334108, 37.5090271];999136673;
41;4678226204;[127.1322503, 37.5095183];999136673;
42;4681296208;[127.1282173, 37.5107021];999136673;
43;4690737557;[127.1075663, 37.510822];999136673;
44;4690737558;[127.1076558, 37.5108784];999136673;
45;4690737559;[127.1077168, 37.5109187];999136673;
46;4690743892;[127.110269, 37.5103181];999136673;
47;4714615250;[127.1305813, 37.4962482];999136673;
48;4714624748;[127.1311044, 37.4961747];999136673;
49;4720480893;[127.1041094, 37.5082318];999136673;
50;5125707928;[127.1059438, 37.5058531];999136673;
51;5139092040;[127.1176567, 37.5153012];999136673;
52;5139092041;[127.1167261, 37.5159145];999136673;
53;5139092042;[127.1291162, 37.516967];999136673;
54;5207866700;[127.1197474, 37.508329];999136673;
55;5397299291;[127.1357138, 37.49783];999136673;
56;5426370522;[127.1038393, 37.513752];999136673;
57;5501576621;[127.1264712, 37.4812434];999136673;
58;5608374324;[127.1234975, 37.48905];999136673;
59;5620952121;[127.1086264, 37.5105162];999136673;
60;5624436922;[127.104103, 37.515997];999136673;
61;5639502821;[127.1217043, 37.4967634];999136673;
62;5657671921;[127.1470059, 37.4988073];999136673;
63;5692899825;[127.1453537, 37.4936161];999136673;
64;5705167321;[127.1441626, 37.4939086];999136673;
65;5775967353;[127.0813041, 37.5103098];999136673;
66;5785295794;[127.1033105, 37.5135049];999136673;
67;5785295795;[127.1050144, 37.5139659];999136673;
68;5785295796;[127.1047801, 37.5138688];999136673;
69;5785433608;[127.1044889, 37.5141188];999136673;
70;5785433610;[127.104283, 37.5140649];999136673;
71;5785433613;[127.1050629, 37.5143865];999136673;
72;5785435664;[127.102676, 37.5125684];999136673;
73;5785435665;[127.1026856, 37.5125233];999136673;
74;5785709026;[127.1045671, 37.5135206];999136673;
75;5785709028;[127.1034199, 37.5129931];999136673;
76;5785709033;[127.103906, 37.513957];999136673;
77;5785709037;[127.103721, 37.5133628];999136673;
78;5785709038;[127.10396, 37.5131686];999136673;
79;5817588854;[127.1461547, 37.49943];999136673;
80;5817594353;[127.1453084, 37.4934854];999136673;
81;5833801985;[127.1092793, 37.5141583];999136673;
82;5833802085;[127.1097681, 37.5150046];999136673;
83;5833802086;[127.1101712, 37.5150798];999136673;
84;5921253055;[127.1088081, 37.5114636];999136673;
85;5921253056;[127.1091684, 37.5116913];999136673;
86;5980687685;[127.104487, 37.5147163];999136673;
87;6002134415;[127.0967087, 37.5063926];999136673;
88;6024031285;[127.1451282, 37.4986762];999136673;
89;6150946451;[127.0852302, 37.5104236];999136673;
90;6150946452;[127.0829358, 37.5102862];999136673;
91;6283796206;[127.0963347, 37.5064929];999136673;
92;6375163485;[127.1481642, 37.4978972];999136673;
93;6377754387;[127.1478792, 37.4972181];999136673;
94;6378428986;[127.1103178, 37.5145958];999136673;
95;6378447385;[127.1097194, 37.5143088];999136673;
96;6382416485;[127.1524932, 37.4946735];999136673;
97;6491296890;[127.136423, 37.4969084];999136673;
98;6491296891;[127.1205124, 37.5065324];999136673;
99;6579705166;[127.1364336, 37.4803092];999136673;
100;6605421754;[127.142863, 37.4785738];999136673;
101;6605421755;[127.1428823, 37.4789204];999136673;
102;6605421756;[127.1429015, 37.4789618];999136673;
103;6612489943;[127.1423888, 37.4816576];999136673;
104;6612489945;[127.1422781, 37.481664];999136673;
105;6612489946;[127.1422466, 37.4816654];999136673;
106;6759432685;[127.0987004, 37.5055023];999136673;
107;6777176721;[127.1003151, 37.4989463];999136673;
108;6777176724;[127.0986682, 37.5003976];999136673;
109;6777176728;[127.098459, 37.5023318];999136673;
110;6777176729;[127.0972359, 37.5027425];999136673;
111;6777176736;[127.1016884, 37.5047044];999136673;
112;6779156736;[127.1017769, 37.5072918];999136673;
113;6779156737;[127.1014845, 37.5071854];999136673;
114;6859206160;[127.0967907, 37.5028149];999136673;
115;6859206168;[127.0988935, 37.5032809];999136673;
116;6864038756;[127.1068597, 37.5047129];999136673;
117;6867122909;[127.0969087, 37.503849];999136673;
118;6867122947;[127.1061301, 37.5147278];999136673;
119;6867122963;[127.107777, 37.5134343];999136673;
120;6867122965;[127.105253, 37.5094344];999136673;
121;7237249685;[127.1117441, 37.5096051];999136673;
122;7276696051;[127.0843473, 37.5120851];999136673;
123;7297868586;[127.0972074, 37.5063867];999136673;
124;7461714743;[127.0827741, 37.511425];999136673;
125;7461714744;[127.0830651, 37.5114125];999136673;
126;7501768240;[127.079009, 37.5115652];999136673;
127;7503628615;[127.0764649, 37.519338];999136673;
128;7511342952;[127.0863193, 37.5050257];999136673;
129;7511342956;[127.0870972, 37.5048544];999136673;
130;7523711200;[127.0836318, 37.509792];999136673;
131;7552913267;[127.0919508, 37.507108];999136673;
132;7552913268;[127.0920863, 37.5071729];999136673;
133;7558557397;[127.0967952, 37.5025269];999136673;
134;7828177544;[127.1082504, 37.5116813];999136673;
135;8129509317;[127.119853, 37.5046857];999136673;
136;8200209921;[127.0799762, 37.5099089];999136673;
137;8266181028;[127.1027979, 37.5146393];999136673;
138;8266181029;[127.09911, 37.5151614];999136673;
139;8266181030;[127.0990534, 37.5155544];999136673;
140;8266181031;[127.1131656, 37.5169355];999136673;
141;8456846514;[127.1419527, 37.4755135];999136673;
142;8459696860;[127.1426483, 37.4751117];999136673;
143;8485141517;[127.1432508, 37.47849];999136673;
144;8486221900;[127.0870938, 37.5119026];999136673;
145;8498902348;[127.0861932, 37.510647];999136673;
146;8499428755;[127.1195944, 37.4781296];999136673;
147;8499428756;[127.122408, 37.4797654];999136673;
148;8499428757;[127.1234731, 37.4819823];999136673;
149;8499428772;[127.1221507, 37.4852945];999136673;
150;8556600419;[127.1109059, 37.5091354];999136673;
151;8556603722;[127.111824, 37.5099093];999136673;
152;9342610984;[127.1258571, 37.4780127];999136673;
153;9342610985;[127.1193809, 37.4874239];999136673;
154;9342610994;[127.126277, 37.4918211];999136673;
155;9342610995;[127.1165168, 37.4916271];999136673;
156;9388500998;[127.1443427, 37.4924135];999136673;
157;9393686018;[127.1486714, 37.4869504];999136673;
158;9417120534;[127.1491319, 37.4871713];999136673;
159;9417120535;[127.1492514, 37.4872506];999136673;
160;9417314124;[127.1432345, 37.474597];999136673;
161;9432527766;[127.1484978, 37.4868581];999136673;
162;9437213593;[127.1316846, 37.4880419];999136673;
163;9437246196;[127.1225876, 37.4845921];999136673;
164;9437246198;[127.1064303, 37.5065707];999136673;
165;9437248368;[127.1465565, 37.4930891];999136673;
166;9437248369;[127.1125314, 37.5169727];999136673;
167;76425884;[37.5168016, 127.129263];2477237067;
168;76425888;[37.5163553, 127.1301043];436830767;
169;468992140;[127.1332778, 37.4971906];999136673;
170;793596810;[127.0838662, 37.5104707];999136673;
171;793787341;[37.5094358, 127.0794039];732439535;
172;794929553;[127.0872105, 37.5048773];999136673;
173;797892663;[127.0801864, 37.5088269];999136673;
174;802192881;[37.5172617, 127.0819227];3016908836;
